╬ЄёюЁЄшЁютрээ√щ ёяшёюъ шч 100 ўшёхы:
[7, 26, 28, 31, 33, 45, 47, 72, 81, 82, 90, 95, 96, 100, 104, 105, 115, 128, 143, 160, 164, 167, 197, 204, 215, 221, 224, 226, 229, 234, 239, 251, 271, 282, 285, 297, 301, 345, 349, 353, 364, 368, 371, 374, 380, 388, 390, 430, 433, 460, 465, 471, 518, 550, 559, 566, 575, 592, 604, 605, 617, 619, 634, 644, 651, 655, 666, 678, 687, 693, 715, 719, 722, 734, 748, 755, 759, 760, 778, 782, 792, 826, 827, 829, 850, 855, 868, 876, 883, 888, 891, 907, 914, 948, 955, 965, 979, 984, 987, 991]

╨хчєы№ЄрЄ√ сшэрЁэюую яюшёър:
╟эрўхэшх 7 эрщфхэю яю шэфхъёє 0
╟эрўхэшх 221 эрщфхэю яю шэфхъёє 25
╟эрўхэшх 465 эрщфхэю яю шэфхъёє 50
╟эрўхэшх 755 эрщфхэю яю шэфхъёє 75
╟эрўхэшх 991 эрщфхэю яю шэфхъёє 99
╟эрўхэшх -10 эх эрщфхэю, Ёхчєы№ЄрЄ = -1
╟эрўхэшх 5000 эх эрщфхэю, Ёхчєы№ЄрЄ = -1
╟эрўхэшх 777 эх эрщфхэю, Ёхчєы№ЄрЄ = -1
